 The logarithm of the determinant of the hessian = 99.9776
 index   name         value      std.dev       1       2       3       4       5       6       7       8       9      10      11      12      13      14      15      16      17      18      19      20      21      22      23      24      25      26      27      28      29      30      31      32      33      34      35      36      37      38      39      40      41      42      43      44      45      46      47      48      49      50      51      52      53      54      55      56      57      58      59      60      61      62      63      64      65      66      67      68      69      70      71      72   
     1   logitTheta -5.1884e+00 1.0030e+00   1.0000
     2   logitTheta -1.6107e+00 2.0186e-01  -0.0299  1.0000
     3   logitTheta -2.3990e+00 2.7082e-01  -0.0203 -0.1203  1.0000
     4   logitTheta -1.9219e+00 2.2479e-01  -0.0257 -0.1523 -0.1032  1.0000
     5   logitTheta -1.9727e+00 2.2904e-01  -0.0251 -0.1485 -0.1007 -0.1274  1.0000
     6   logitTheta -1.7801e+00 2.1369e-01  -0.0275 -0.1633 -0.1107 -0.1401 -0.1367  1.0000
     7   logitTheta -2.2617e+00 2.5611e-01  -0.0217 -0.1288 -0.0873 -0.1105 -0.1077 -0.1185  1.0000
     8   logitTheta -1.8730e+00 2.2083e-01  -0.0263 -0.1560 -0.1057 -0.1339 -0.1306 -0.1436 -0.1132  1.0000
     9   logitTheta -1.9219e+00 2.2479e-01  -0.0257 -0.1523 -0.1032 -0.1307 -0.1274 -0.1401 -0.1105 -0.1339  1.0000
    10   logitTheta -1.6433e+00 2.0131e-01   0.0000  0.0000  0.0000  0.0000  0.0000  0.0000  0.0000  0.0000  0.0000  1.0000
    11   logitTheta -5.2158e+00 1.0030e+00  -0.0000 -0.0000 -0.0000 -0.0000 -0.0000 -0.0000 -0.0000 -0.0000 -0.0000 -0.0290  1.0000
    12   logitTheta -2.3583e+00 2.6275e-01   0.0000  0.0000  0.0000  0.0000  0.0000  0.0000  0.0000  0.0000  0.0000 -0.1204 -0.0204  1.0000
    13   logitTheta -2.3583e+00 2.6275e-01   0.0000  0.0000  0.0000  0.0000  0.0000  0.0000  0.0000  0.0000  0.0000 -0.1204 -0.0204 -0.0846  1.0000
    14   logitTheta -1.9044e+00 2.2037e-01   0.0000  0.0000  0.0000  0.0000  0.0000  0.0000  0.0000  0.0000  0.0000 -0.1507 -0.0255 -0.1059 -0.1059  1.0000
    15   logitTheta -1.7251e+00 2.0689e-01   0.0000  0.0000  0.0000  0.0000  0.0000  0.0000  0.0000  0.0000  0.0000 -0.1646 -0.0278 -0.1157 -0.1157 -0.1448  1.0000
    16   logitTheta -1.9531e+00 2.2434e-01   0.0000  0.0000  0.0000  0.0000  0.0000  0.0000  0.0000  0.0000  0.0000 -0.1471 -0.0249 -0.1034 -0.1034 -0.1294 -0.1413  1.0000
    17   logitTheta -1.9044e+00 2.2037e-01   0.0000  0.0000  0.0000  0.0000  0.0000  0.0000  0.0000  0.0000  0.0000 -0.1507 -0.0255 -0.1059 -0.1059 -0.1325 -0.1448 -0.1294  1.0000
    18   logitTheta -1.9044e+00 2.2037e-01   0.0000  0.0000  0.0000  0.0000  0.0000  0.0000  0.0000  0.0000  0.0000 -0.1507 -0.0255 -0.1059 -0.1059 -0.1325 -0.1448 -0.1294 -0.1325  1.0000
    19   logitTheta -1.5543e+00 1.9359e-01   0.0000  0.0000  0.0000  0.0000  0.0000  0.0000  0.0000  0.0000  0.0000  0.0000  0.0000  0.0000  0.0000  0.0000  0.0000  0.0000  0.0000  0.0000  1.0000
    20   logitTheta -1.8366e+00 2.1283e-01   0.0000  0.0000  0.0000  0.0000  0.0000  0.0000  0.0000  0.0000  0.0000  0.0000  0.0000  0.0000  0.0000  0.0000  0.0000  0.0000  0.0000  0.0000 -0.1624  1.0000
    21   logitTheta -5.2372e+00 1.0029e+00  -0.0000 -0.0000 -0.0000 -0.0000 -0.0000 -0.0000 -0.0000 -0.0000 -0.0000 -0.0000 -0.0000 -0.0000 -0.0000 -0.0000 -0.0000 -0.0000 -0.0000 -0.0000 -0.0299 -0.0260  1.0000
    22   logitTheta -2.0803e+00 2.3287e-01   0.0000  0.0000  0.0000  0.0000  0.0000  0.0000  0.0000  0.0000  0.0000  0.0000  0.0000  0.0000  0.0000  0.0000  0.0000  0.0000  0.0000  0.0000 -0.1440 -0.1253 -0.0231  1.0000
    23   logitTheta -2.7847e+00 3.1163e-01   0.0000  0.0000  0.0000  0.0000  0.0000  0.0000  0.0000  0.0000  0.0000  0.0000  0.0000  0.0000  0.0000  0.0000  0.0000  0.0000  0.0000  0.0000 -0.1015 -0.0884 -0.0163 -0.0784  1.0000
    24   logitTheta -2.0278e+00 2.2827e-01   0.0000  0.0000  0.0000  0.0000  0.0000  0.0000  0.0000  0.0000  0.0000  0.0000  0.0000  0.0000  0.0000  0.0000  0.0000  0.0000  0.0000  0.0000 -0.1478 -0.1286 -0.0237 -0.1141 -0.0805  1.0000
    25   logitTheta -1.9774e+00 2.2400e-01   0.0000  0.0000  0.0000  0.0000  0.0000  0.0000  0.0000  0.0000  0.0000  0.0000  0.0000  0.0000  0.0000  0.0000  0.0000  0.0000  0.0000  0.0000 -0.1515 -0.1319 -0.0243 -0.1169 -0.0825 -0.1200  1.0000
    26   logitTheta -1.7088e+00 2.0361e-01   0.0000  0.0000  0.0000  0.0000  0.0000  0.0000  0.0000  0.0000  0.0000  0.0000  0.0000  0.0000  0.0000  0.0000  0.0000  0.0000  0.0000  0.0000 -0.1729 -0.1505 -0.0277 -0.1335 -0.0941 -0.1370 -0.1404  1.0000
    27   logitTheta -1.9288e+00 2.2002e-01   0.0000  0.0000  0.0000  0.0000  0.0000  0.0000  0.0000  0.0000  0.0000  0.0000  0.0000  0.0000  0.0000  0.0000  0.0000  0.0000  0.0000  0.0000 -0.1551 -0.1351 -0.0249 -0.1198 -0.0845 -0.1229 -0.1260 -0.1438  1.0000
    28   logitTheta -1.7595e+00 2.1819e-01   0.0000  0.0000  0.0000  0.0000  0.0000  0.0000  0.0000  0.0000  0.0000  0.0000  0.0000  0.0000  0.0000  0.0000  0.0000  0.0000  0.0000  0.0000  0.0000  0.0000  0.0000  0.0000  0.0000  0.0000  0.0000  0.0000  0.0000  1.0000
    29   logitTheta -2.2659e+00 2.6387e-01   0.0000  0.0000  0.0000  0.0000  0.0000  0.0000  0.0000  0.0000  0.0000  0.0000  0.0000  0.0000  0.0000  0.0000  0.0000  0.0000  0.0000  0.0000  0.0000  0.0000  0.0000  0.0000  0.0000  0.0000  0.0000  0.0000  0.0000 -0.1202  1.0000
    30   logitTheta -2.0744e+00 2.4477e-01   0.0000  0.0000  0.0000  0.0000  0.0000  0.0000  0.0000  0.0000  0.0000  0.0000  0.0000  0.0000  0.0000  0.0000  0.0000  0.0000  0.0000  0.0000  0.0000  0.0000  0.0000  0.0000  0.0000  0.0000  0.0000  0.0000  0.0000 -0.1321 -0.1029  1.0000
    31   logitTheta -5.1313e+00 1.0032e+00   0.0000  0.0000  0.0000  0.0000  0.0000  0.0000  0.0000  0.0000  0.0000  0.0000  0.0000  0.0000  0.0000  0.0000  0.0000  0.0000  0.0000  0.0000  0.0000  0.0000  0.0000  0.0000  0.0000  0.0000  0.0000  0.0000  0.0000 -0.0288 -0.0224 -0.0247  1.0000
    32   logitTheta -2.1987e+00 2.5690e-01   0.0000  0.0000  0.0000  0.0000  0.0000  0.0000  0.0000  0.0000  0.0000  0.0000  0.0000  0.0000  0.0000  0.0000  0.0000  0.0000  0.0000  0.0000  0.0000  0.0000  0.0000  0.0000  0.0000  0.0000  0.0000  0.0000  0.0000 -0.1242 -0.0967 -0.1064 -0.0232  1.0000
    33   logitTheta -1.7595e+00 2.1819e-01   0.0000  0.0000  0.0000  0.0000  0.0000  0.0000  0.0000  0.0000  0.0000  0.0000  0.0000  0.0000  0.0000  0.0000  0.0000  0.0000  0.0000  0.0000  0.0000  0.0000  0.0000  0.0000  0.0000  0.0000  0.0000  0.0000  0.0000 -0.1543 -0.1202 -0.1321 -0.0288 -0.1242  1.0000
    34   logitTheta -2.0165e+00 2.3944e-01   0.0000  0.0000  0.0000  0.0000  0.0000  0.0000  0.0000  0.0000  0.0000  0.0000  0.0000  0.0000  0.0000  0.0000  0.0000  0.0000  0.0000  0.0000  0.0000  0.0000  0.0000  0.0000  0.0000  0.0000  0.0000  0.0000  0.0000 -0.1360 -0.1059 -0.1164 -0.0254 -0.1094 -0.1360  1.0000
    35   logitTheta -1.8565e+00 2.2577e-01   0.0000  0.0000  0.0000  0.0000  0.0000  0.0000  0.0000  0.0000  0.0000  0.0000  0.0000  0.0000  0.0000  0.0000  0.0000  0.0000  0.0000  0.0000  0.0000  0.0000  0.0000  0.0000  0.0000  0.0000  0.0000  0.0000  0.0000 -0.1471 -0.1146 -0.1259 -0.0275 -0.1184 -0.1471 -0.1296  1.0000
    36   logitTheta -1.7595e+00 2.1819e-01   0.0000  0.0000  0.0000  0.0000  0.0000  0.0000  0.0000  0.0000  0.0000  0.0000  0.0000  0.0000  0.0000  0.0000  0.0000  0.0000  0.0000  0.0000  0.0000  0.0000  0.0000  0.0000  0.0000  0.0000  0.0000  0.0000  0.0000 -0.1543 -0.1202 -0.1321 -0.0288 -0.1242 -0.1543 -0.1360 -0.1471  1.0000
    37   Theta       5.5498e-03 5.5358e-03   1.0000 -0.0299 -0.0203 -0.0257 -0.0251 -0.0275 -0.0217 -0.0263 -0.0257  0.0000  0.0000  0.0000  0.0000  0.0000  0.0000  0.0000  0.0000  0.0000  0.0000  0.0000  0.0000  0.0000  0.0000  0.0000  0.0000  0.0000  0.0000  0.0000  0.0000  0.0000  0.0000  0.0000  0.0000  0.0000  0.0000  0.0000  1.0000
    38   Theta       1.6649e-01 2.8013e-02  -0.0299  1.0000 -0.1203 -0.1523 -0.1485 -0.1633 -0.1288 -0.1560 -0.1523  0.0000  0.0000  0.0000  0.0000  0.0000  0.0000  0.0000  0.0000  0.0000  0.0000  0.0000  0.0000  0.0000  0.0000  0.0000  0.0000  0.0000  0.0000  0.0000  0.0000  0.0000  0.0000  0.0000  0.0000  0.0000  0.0000  0.0000 -0.0299  1.0000
    39   Theta       8.3247e-02 2.0668e-02  -0.0203 -0.1203  1.0000 -0.1032 -0.1007 -0.1107 -0.0873 -0.1057 -0.1032  0.0000  0.0000  0.0000  0.0000  0.0000  0.0000  0.0000  0.0000  0.0000  0.0000  0.0000  0.0000  0.0000  0.0000  0.0000  0.0000  0.0000  0.0000  0.0000  0.0000  0.0000  0.0000  0.0000  0.0000  0.0000  0.0000  0.0000 -0.0203 -0.1203  1.0000
    40   Theta       1.2765e-01 2.5031e-02  -0.0257 -0.1523 -0.1032  1.0000 -0.1274 -0.1401 -0.1105 -0.1339 -0.1307  0.0000  0.0000  0.0000  0.0000  0.0000  0.0000  0.0000  0.0000  0.0000  0.0000  0.0000  0.0000  0.0000  0.0000  0.0000  0.0000  0.0000  0.0000  0.0000  0.0000  0.0000  0.0000  0.0000  0.0000  0.0000  0.0000  0.0000 -0.0257 -0.1523 -0.1032  1.0000
    41   Theta       1.2210e-01 2.4550e-02  -0.0251 -0.1485 -0.1007 -0.1274  1.0000 -0.1367 -0.1077 -0.1306 -0.1274  0.0000  0.0000  0.0000  0.0000  0.0000  0.0000  0.0000  0.0000  0.0000  0.0000  0.0000  0.0000  0.0000  0.0000  0.0000  0.0000  0.0000  0.0000  0.0000  0.0000  0.0000  0.0000  0.0000  0.0000  0.0000  0.0000  0.0000 -0.0251 -0.1485 -0.1007 -0.1274  1.0000
    42   Theta       1.4429e-01 2.6385e-02  -0.0275 -0.1633 -0.1107 -0.1401 -0.1367  1.0000 -0.1185 -0.1436 -0.1401  0.0000  0.0000  0.0000  0.0000  0.0000  0.0000  0.0000  0.0000  0.0000  0.0000  0.0000  0.0000  0.0000  0.0000  0.0000  0.0000  0.0000  0.0000  0.0000  0.0000  0.0000  0.0000  0.0000  0.0000  0.0000  0.0000  0.0000 -0.0275 -0.1633 -0.1107 -0.1401 -0.1367  1.0000
    43   Theta       9.4346e-02 2.1883e-02  -0.0217 -0.1288 -0.0873 -0.1105 -0.1077 -0.1185  1.0000 -0.1132 -0.1105  0.0000  0.0000  0.0000  0.0000  0.0000  0.0000  0.0000  0.0000  0.0000  0.0000  0.0000  0.0000  0.0000  0.0000  0.0000  0.0000  0.0000  0.0000  0.0000  0.0000  0.0000  0.0000  0.0000  0.0000  0.0000  0.0000  0.0000 -0.0217 -0.1288 -0.0873 -0.1105 -0.1077 -0.1185  1.0000
    44   Theta       1.3319e-01 2.5496e-02  -0.0263 -0.1560 -0.1057 -0.1339 -0.1306 -0.1436 -0.1132  1.0000 -0.1339  0.0000  0.0000  0.0000  0.0000  0.0000  0.0000  0.0000  0.0000  0.0000  0.0000  0.0000  0.0000  0.0000  0.0000  0.0000  0.0000  0.0000  0.0000  0.0000  0.0000  0.0000  0.0000  0.0000  0.0000  0.0000  0.0000  0.0000 -0.0263 -0.1560 -0.1057 -0.1339 -0.1306 -0.1436 -0.1132  1.0000
    45   Theta       1.2765e-01 2.5031e-02  -0.0257 -0.1523 -0.1032 -0.1307 -0.1274 -0.1401 -0.1105 -0.1339  1.0000  0.0000  0.0000  0.0000  0.0000  0.0000  0.0000  0.0000  0.0000  0.0000  0.0000  0.0000  0.0000  0.0000  0.0000  0.0000  0.0000  0.0000  0.0000  0.0000  0.0000  0.0000  0.0000  0.0000  0.0000  0.0000  0.0000  0.0000 -0.0257 -0.1523 -0.1032 -0.1307 -0.1274 -0.1401 -0.1105 -0.1339  1.0000
    46   Theta       1.6202e-01 2.7331e-02   0.0000  0.0000  0.0000  0.0000  0.0000  0.0000  0.0000  0.0000  0.0000  1.0000 -0.0290 -0.1204 -0.1204 -0.1507 -0.1646 -0.1471 -0.1507 -0.1507  0.0000  0.0000  0.0000  0.0000  0.0000  0.0000  0.0000  0.0000  0.0000  0.0000  0.0000  0.0000  0.0000  0.0000  0.0000  0.0000  0.0000  0.0000  0.0000  0.0000  0.0000  0.0000  0.0000  0.0000  0.0000  0.0000  0.0000  1.0000
    47   Theta       5.4006e-03 5.3874e-03   0.0000  0.0000  0.0000  0.0000  0.0000  0.0000  0.0000  0.0000  0.0000 -0.0290  1.0000 -0.0204 -0.0204 -0.0255 -0.0278 -0.0249 -0.0255 -0.0255  0.0000  0.0000  0.0000  0.0000  0.0000  0.0000  0.0000  0.0000  0.0000  0.0000  0.0000  0.0000  0.0000  0.0000  0.0000  0.0000  0.0000  0.0000  0.0000  0.0000  0.0000  0.0000  0.0000  0.0000  0.0000  0.0000  0.0000 -0.0290  1.0000
    48   Theta       8.6409e-02 2.0743e-02   0.0000  0.0000  0.0000  0.0000  0.0000  0.0000  0.0000  0.0000  0.0000 -0.1204 -0.0204  1.0000 -0.0846 -0.1059 -0.1157 -0.1034 -0.1059 -0.1059  0.0000  0.0000  0.0000  0.0000  0.0000  0.0000  0.0000  0.0000  0.0000  0.0000  0.0000  0.0000  0.0000  0.0000  0.0000  0.0000  0.0000  0.0000  0.0000  0.0000  0.0000  0.0000  0.0000  0.0000  0.0000  0.0000  0.0000 -0.1204 -0.0204  1.0000
    49   Theta       8.6409e-02 2.0743e-02   0.0000  0.0000  0.0000  0.0000  0.0000  0.0000  0.0000  0.0000  0.0000 -0.1204 -0.0204 -0.0846  1.0000 -0.1059 -0.1157 -0.1034 -0.1059 -0.1059  0.0000  0.0000  0.0000  0.0000  0.0000  0.0000  0.0000  0.0000  0.0000  0.0000  0.0000  0.0000  0.0000  0.0000  0.0000  0.0000  0.0000  0.0000  0.0000  0.0000  0.0000  0.0000  0.0000  0.0000  0.0000  0.0000  0.0000 -0.1204 -0.0204 -0.0846  1.0000
    50   Theta       1.2961e-01 2.4861e-02   0.0000  0.0000  0.0000  0.0000  0.0000  0.0000  0.0000  0.0000  0.0000 -0.1507 -0.0255 -0.1059 -0.1059  1.0000 -0.1448 -0.1294 -0.1325 -0.1325  0.0000  0.0000  0.0000  0.0000  0.0000  0.0000  0.0000  0.0000  0.0000  0.0000  0.0000  0.0000  0.0000  0.0000  0.0000  0.0000  0.0000  0.0000  0.0000  0.0000  0.0000  0.0000  0.0000  0.0000  0.0000  0.0000  0.0000 -0.1507 -0.0255 -0.1059 -0.1059  1.0000
    51   Theta       1.5122e-01 2.6555e-02   0.0000  0.0000  0.0000  0.0000  0.0000  0.0000  0.0000  0.0000  0.0000 -0.1646 -0.0278 -0.1157 -0.1157 -0.1448  1.0000 -0.1413 -0.1448 -0.1448  0.0000  0.0000  0.0000  0.0000  0.0000  0.0000  0.0000  0.0000  0.0000  0.0000  0.0000  0.0000  0.0000  0.0000  0.0000  0.0000  0.0000  0.0000  0.0000  0.0000  0.0000  0.0000  0.0000  0.0000  0.0000  0.0000  0.0000 -0.1646 -0.0278 -0.1157 -0.1157 -0.1448  1.0000
    52   Theta       1.2421e-01 2.4405e-02   0.0000  0.0000  0.0000  0.0000  0.0000  0.0000  0.0000  0.0000  0.0000 -0.1471 -0.0249 -0.1034 -0.1034 -0.1294 -0.1413  1.0000 -0.1294 -0.1294  0.0000  0.0000  0.0000  0.0000  0.0000  0.0000  0.0000  0.0000  0.0000  0.0000  0.0000  0.0000  0.0000  0.0000  0.0000  0.0000  0.0000  0.0000  0.0000  0.0000  0.0000  0.0000  0.0000  0.0000  0.0000  0.0000  0.0000 -0.1471 -0.0249 -0.1034 -0.1034 -0.1294 -0.1413  1.0000
    53   Theta       1.2961e-01 2.4861e-02   0.0000  0.0000  0.0000  0.0000  0.0000  0.0000  0.0000  0.0000  0.0000 -0.1507 -0.0255 -0.1059 -0.1059 -0.1325 -0.1448 -0.1294  1.0000 -0.1325  0.0000  0.0000  0.0000  0.0000  0.0000  0.0000  0.0000  0.0000  0.0000  0.0000  0.0000  0.0000  0.0000  0.0000  0.0000  0.0000  0.0000  0.0000  0.0000  0.0000  0.0000  0.0000  0.0000  0.0000  0.0000  0.0000  0.0000 -0.1507 -0.0255 -0.1059 -0.1059 -0.1325 -0.1448 -0.1294  1.0000
    54   Theta       1.2961e-01 2.4861e-02   0.0000  0.0000  0.0000  0.0000  0.0000  0.0000  0.0000  0.0000  0.0000 -0.1507 -0.0255 -0.1059 -0.1059 -0.1325 -0.1448 -0.1294 -0.1325  1.0000  0.0000  0.0000  0.0000  0.0000  0.0000  0.0000  0.0000  0.0000  0.0000  0.0000  0.0000  0.0000  0.0000  0.0000  0.0000  0.0000  0.0000  0.0000  0.0000  0.0000  0.0000  0.0000  0.0000  0.0000  0.0000  0.0000  0.0000 -0.1507 -0.0255 -0.1059 -0.1059 -0.1325 -0.1448 -0.1294 -0.1325  1.0000
    55   Theta       1.7447e-01 2.7882e-02   0.0000  0.0000  0.0000  0.0000  0.0000  0.0000  0.0000  0.0000  0.0000  0.0000  0.0000  0.0000  0.0000  0.0000  0.0000  0.0000  0.0000  0.0000  1.0000 -0.1624 -0.0299 -0.1440 -0.1015 -0.1478 -0.1515 -0.1729 -0.1551  0.0000  0.0000  0.0000  0.0000  0.0000  0.0000  0.0000  0.0000  0.0000  0.0000  0.0000  0.0000  0.0000  0.0000  0.0000  0.0000  0.0000  0.0000  0.0000  0.0000  0.0000  0.0000  0.0000  0.0000  0.0000  0.0000  0.0000  1.0000
    56   Theta       1.3746e-01 2.5234e-02   0.0000  0.0000  0.0000  0.0000  0.0000  0.0000  0.0000  0.0000  0.0000  0.0000  0.0000  0.0000  0.0000  0.0000  0.0000  0.0000  0.0000  0.0000 -0.1624  1.0000 -0.0260 -0.1253 -0.0884 -0.1286 -0.1319 -0.1505 -0.1351  0.0000  0.0000  0.0000  0.0000  0.0000  0.0000  0.0000  0.0000  0.0000  0.0000  0.0000  0.0000  0.0000  0.0000  0.0000  0.0000  0.0000  0.0000  0.0000  0.0000  0.0000  0.0000  0.0000  0.0000  0.0000  0.0000  0.0000 -0.1624  1.0000
    57   Theta       5.2870e-03 5.2743e-03   0.0000  0.0000  0.0000  0.0000  0.0000  0.0000  0.0000  0.0000  0.0000  0.0000  0.0000  0.0000  0.0000  0.0000  0.0000  0.0000  0.0000  0.0000 -0.0299 -0.0260  1.0000 -0.0231 -0.0163 -0.0237 -0.0243 -0.0277 -0.0249  0.0000  0.0000  0.0000  0.0000  0.0000  0.0000  0.0000  0.0000  0.0000  0.0000  0.0000  0.0000  0.0000  0.0000  0.0000  0.0000  0.0000  0.0000  0.0000  0.0000  0.0000  0.0000  0.0000  0.0000  0.0000  0.0000  0.0000 -0.0299 -0.0260  1.0000
    58   Theta       1.1102e-01 2.2984e-02   0.0000  0.0000  0.0000  0.0000  0.0000  0.0000  0.0000  0.0000  0.0000  0.0000  0.0000  0.0000  0.0000  0.0000  0.0000  0.0000  0.0000  0.0000 -0.1440 -0.1253 -0.0231  1.0000 -0.0784 -0.1141 -0.1169 -0.1335 -0.1198  0.0000  0.0000  0.0000  0.0000  0.0000  0.0000  0.0000  0.0000  0.0000  0.0000  0.0000  0.0000  0.0000  0.0000  0.0000  0.0000  0.0000  0.0000  0.0000  0.0000  0.0000  0.0000  0.0000  0.0000  0.0000  0.0000  0.0000 -0.1440 -0.1253 -0.0231  1.0000
    59   Theta       5.8156e-02 1.7069e-02   0.0000  0.0000  0.0000  0.0000  0.0000  0.0000  0.0000  0.0000  0.0000  0.0000  0.0000  0.0000  0.0000  0.0000  0.0000  0.0000  0.0000  0.0000 -0.1015 -0.0884 -0.0163 -0.0784  1.0000 -0.0805 -0.0825 -0.0941 -0.0845  0.0000  0.0000  0.0000  0.0000  0.0000  0.0000  0.0000  0.0000  0.0000  0.0000  0.0000  0.0000  0.0000  0.0000  0.0000  0.0000  0.0000  0.0000  0.0000  0.0000  0.0000  0.0000  0.0000  0.0000  0.0000  0.0000  0.0000 -0.1015 -0.0884 -0.0163 -0.0784  1.0000
    60   Theta       1.1631e-01 2.3463e-02   0.0000  0.0000  0.0000  0.0000  0.0000  0.0000  0.0000  0.0000  0.0000  0.0000  0.0000  0.0000  0.0000  0.0000  0.0000  0.0000  0.0000  0.0000 -0.1478 -0.1286 -0.0237 -0.1141 -0.0805  1.0000 -0.1200 -0.1370 -0.1229  0.0000  0.0000  0.0000  0.0000  0.0000  0.0000  0.0000  0.0000  0.0000  0.0000  0.0000  0.0000  0.0000  0.0000  0.0000  0.0000  0.0000  0.0000  0.0000  0.0000  0.0000  0.0000  0.0000  0.0000  0.0000  0.0000  0.0000 -0.1478 -0.1286 -0.0237 -0.1141 -0.0805  1.0000
    61   Theta       1.2160e-01 2.3926e-02   0.0000  0.0000  0.0000  0.0000  0.0000  0.0000  0.0000  0.0000  0.0000  0.0000  0.0000  0.0000  0.0000  0.0000  0.0000  0.0000  0.0000  0.0000 -0.1515 -0.1319 -0.0243 -0.1169 -0.0825 -0.1200  1.0000 -0.1404 -0.1260  0.0000  0.0000  0.0000  0.0000  0.0000  0.0000  0.0000  0.0000  0.0000  0.0000  0.0000  0.0000  0.0000  0.0000  0.0000  0.0000  0.0000  0.0000  0.0000  0.0000  0.0000  0.0000  0.0000  0.0000  0.0000  0.0000  0.0000 -0.1515 -0.1319 -0.0243 -0.1169 -0.0825 -0.1200  1.0000
    62   Theta       1.5332e-01 2.6431e-02   0.0000  0.0000  0.0000  0.0000  0.0000  0.0000  0.0000  0.0000  0.0000  0.0000  0.0000  0.0000  0.0000  0.0000  0.0000  0.0000  0.0000  0.0000 -0.1729 -0.1505 -0.0277 -0.1335 -0.0941 -0.1370 -0.1404  1.0000 -0.1438  0.0000  0.0000  0.0000  0.0000  0.0000  0.0000  0.0000  0.0000  0.0000  0.0000  0.0000  0.0000  0.0000  0.0000  0.0000  0.0000  0.0000  0.0000  0.0000  0.0000  0.0000  0.0000  0.0000  0.0000  0.0000  0.0000  0.0000 -0.1729 -0.1505 -0.0277 -0.1335 -0.0941 -0.1370 -0.1404  1.0000
    63   Theta       1.2689e-01 2.4375e-02   0.0000  0.0000  0.0000  0.0000  0.0000  0.0000  0.0000  0.0000  0.0000  0.0000  0.0000  0.0000  0.0000  0.0000  0.0000  0.0000  0.0000  0.0000 -0.1551 -0.1351 -0.0249 -0.1198 -0.0845 -0.1229 -0.1260 -0.1438  1.0000  0.0000  0.0000  0.0000  0.0000  0.0000  0.0000  0.0000  0.0000  0.0000  0.0000  0.0000  0.0000  0.0000  0.0000  0.0000  0.0000  0.0000  0.0000  0.0000  0.0000  0.0000  0.0000  0.0000  0.0000  0.0000  0.0000  0.0000 -0.1552 -0.1351 -0.0249 -0.1198 -0.0845 -0.1229 -0.1260 -0.1438  1.0000
    64   Theta       1.4686e-01 2.7338e-02   0.0000  0.0000  0.0000  0.0000  0.0000  0.0000  0.0000  0.0000  0.0000  0.0000  0.0000  0.0000  0.0000  0.0000  0.0000  0.0000  0.0000  0.0000  0.0000  0.0000  0.0000  0.0000  0.0000  0.0000  0.0000  0.0000  0.0000  1.0000 -0.1202 -0.1321 -0.0288 -0.1242 -0.1543 -0.1360 -0.1471 -0.1543  0.0000  0.0000  0.0000  0.0000  0.0000  0.0000  0.0000  0.0000  0.0000  0.0000  0.0000  0.0000  0.0000  0.0000  0.0000  0.0000  0.0000  0.0000  0.0000  0.0000  0.0000  0.0000  0.0000  0.0000  0.0000  0.0000  0.0000  1.0000
    65   Theta       9.3989e-02 2.2470e-02   0.0000  0.0000  0.0000  0.0000  0.0000  0.0000  0.0000  0.0000  0.0000  0.0000  0.0000  0.0000  0.0000  0.0000  0.0000  0.0000  0.0000  0.0000  0.0000  0.0000  0.0000  0.0000  0.0000  0.0000  0.0000  0.0000  0.0000 -0.1202  1.0000 -0.1029 -0.0224 -0.0967 -0.1202 -0.1059 -0.1146 -0.1202  0.0000  0.0000  0.0000  0.0000  0.0000  0.0000  0.0000  0.0000  0.0000  0.0000  0.0000  0.0000  0.0000  0.0000  0.0000  0.0000  0.0000  0.0000  0.0000  0.0000  0.0000  0.0000  0.0000  0.0000  0.0000  0.0000  0.0000 -0.1202  1.0000
    66   Theta       1.1161e-01 2.4270e-02   0.0000  0.0000  0.0000  0.0000  0.0000  0.0000  0.0000  0.0000  0.0000  0.0000  0.0000  0.0000  0.0000  0.0000  0.0000  0.0000  0.0000  0.0000  0.0000  0.0000  0.0000  0.0000  0.0000  0.0000  0.0000  0.0000  0.0000 -0.1321 -0.1029  1.0000 -0.0247 -0.1064 -0.1321 -0.1164 -0.1259 -0.1321  0.0000  0.0000  0.0000  0.0000  0.0000  0.0000  0.0000  0.0000  0.0000  0.0000  0.0000  0.0000  0.0000  0.0000  0.0000  0.0000  0.0000  0.0000  0.0000  0.0000  0.0000  0.0000  0.0000  0.0000  0.0000  0.0000  0.0000 -0.1321 -0.1029  1.0000
    67   Theta       5.8742e-03 5.8586e-03   0.0000  0.0000  0.0000  0.0000  0.0000  0.0000  0.0000  0.0000  0.0000  0.0000  0.0000  0.0000  0.0000  0.0000  0.0000  0.0000  0.0000  0.0000  0.0000  0.0000  0.0000  0.0000  0.0000  0.0000  0.0000  0.0000  0.0000 -0.0288 -0.0224 -0.0247  1.0000 -0.0232 -0.0288 -0.0254 -0.0275 -0.0288  0.0000  0.0000  0.0000  0.0000  0.0000  0.0000  0.0000  0.0000  0.0000  0.0000  0.0000  0.0000  0.0000  0.0000  0.0000  0.0000  0.0000  0.0000  0.0000  0.0000  0.0000  0.0000  0.0000  0.0000  0.0000  0.0000  0.0000 -0.0288 -0.0224 -0.0247  1.0000
    68   Theta       9.9864e-02 2.3093e-02   0.0000  0.0000  0.0000  0.0000  0.0000  0.0000  0.0000  0.0000  0.0000  0.0000  0.0000  0.0000  0.0000  0.0000  0.0000  0.0000  0.0000  0.0000  0.0000  0.0000  0.0000  0.0000  0.0000  0.0000  0.0000  0.0000  0.0000 -0.1242 -0.0967 -0.1064 -0.0232  1.0000 -0.1242 -0.1094 -0.1184 -0.1242  0.0000  0.0000  0.0000  0.0000  0.0000  0.0000  0.0000  0.0000  0.0000  0.0000  0.0000  0.0000  0.0000  0.0000  0.0000  0.0000  0.0000  0.0000  0.0000  0.0000  0.0000  0.0000  0.0000  0.0000  0.0000  0.0000  0.0000 -0.1242 -0.0967 -0.1064 -0.0232  1.0000
    69   Theta       1.4686e-01 2.7338e-02   0.0000  0.0000  0.0000  0.0000  0.0000  0.0000  0.0000  0.0000  0.0000  0.0000  0.0000  0.0000  0.0000  0.0000  0.0000  0.0000  0.0000  0.0000  0.0000  0.0000  0.0000  0.0000  0.0000  0.0000  0.0000  0.0000  0.0000 -0.1543 -0.1202 -0.1321 -0.0288 -0.1242  1.0000 -0.1360 -0.1471 -0.1543  0.0000  0.0000  0.0000  0.0000  0.0000  0.0000  0.0000  0.0000  0.0000  0.0000  0.0000  0.0000  0.0000  0.0000  0.0000  0.0000  0.0000  0.0000  0.0000  0.0000  0.0000  0.0000  0.0000  0.0000  0.0000  0.0000  0.0000 -0.1543 -0.1202 -0.1321 -0.0288 -0.1242  1.0000
    70   Theta       1.1749e-01 2.4826e-02   0.0000  0.0000  0.0000  0.0000  0.0000  0.0000  0.0000  0.0000  0.0000  0.0000  0.0000  0.0000  0.0000  0.0000  0.0000  0.0000  0.0000  0.0000  0.0000  0.0000  0.0000  0.0000  0.0000  0.0000  0.0000  0.0000  0.0000 -0.1360 -0.1059 -0.1164 -0.0254 -0.1094 -0.1360  1.0000 -0.1296 -0.1360  0.0000  0.0000  0.0000  0.0000  0.0000  0.0000  0.0000  0.0000  0.0000  0.0000  0.0000  0.0000  0.0000  0.0000  0.0000  0.0000  0.0000  0.0000  0.0000  0.0000  0.0000  0.0000  0.0000  0.0000  0.0000  0.0000  0.0000 -0.1360 -0.1059 -0.1164 -0.0254 -0.1094 -0.1360  1.0000
    71   Theta       1.3511e-01 2.6383e-02   0.0000  0.0000  0.0000  0.0000  0.0000  0.0000  0.0000  0.0000  0.0000  0.0000  0.0000  0.0000  0.0000  0.0000  0.0000  0.0000  0.0000  0.0000  0.0000  0.0000  0.0000  0.0000  0.0000  0.0000  0.0000  0.0000  0.0000 -0.1471 -0.1146 -0.1259 -0.0275 -0.1184 -0.1471 -0.1296  1.0000 -0.1471  0.0000  0.0000  0.0000  0.0000  0.0000  0.0000  0.0000  0.0000  0.0000  0.0000  0.0000  0.0000  0.0000  0.0000  0.0000  0.0000  0.0000  0.0000  0.0000  0.0000  0.0000  0.0000  0.0000  0.0000  0.0000  0.0000  0.0000 -0.1471 -0.1146 -0.1259 -0.0275 -0.1184 -0.1471 -0.1296  1.0000
    72   Theta       1.4686e-01 2.7338e-02   0.0000  0.0000  0.0000  0.0000  0.0000  0.0000  0.0000  0.0000  0.0000  0.0000  0.0000  0.0000  0.0000  0.0000  0.0000  0.0000  0.0000  0.0000  0.0000  0.0000  0.0000  0.0000  0.0000  0.0000  0.0000  0.0000  0.0000 -0.1543 -0.1202 -0.1321 -0.0288 -0.1242 -0.1543 -0.1360 -0.1471  1.0000  0.0000  0.0000  0.0000  0.0000  0.0000  0.0000  0.0000  0.0000  0.0000  0.0000  0.0000  0.0000  0.0000  0.0000  0.0000  0.0000  0.0000  0.0000  0.0000  0.0000  0.0000  0.0000  0.0000  0.0000  0.0000  0.0000  0.0000 -0.1543 -0.1202 -0.1321 -0.0288 -0.1242 -0.1543 -0.1360 -0.1471  1.0000
