    unsorted:	 17.84104472 17.50310405 17.09193879 18.67304542 20.24921872 14.32537648 12.86088163 0.9936721472 193.2359306 18.18171634 18.18171634 13.35436614 17.75888072 19.50749969 20.70524185 14.03380664 0.9938266408 193.5329256 17.39172032 16.76286631 18.00586303 18.85025787 20.14451106 21.83713105 10.02533614 0.9939645951 196.1668241 18.19623203 18.19623202 15.21808245 16.09974392 14.07824926 13.30802037 17.46861220 0.9932799547 191.9761568
      sorted:	 0.9932799547 0.9936721472 0.9938266408 0.9939645951 10.02533614 12.86088163 13.30802037 13.35436614 14.03380664 14.07824926 14.32537648 15.21808245 16.09974392 16.76286631 17.09193879 17.39172032 17.46861220 17.50310405 17.75888072 17.84104472 18.00586303 18.18171634 18.18171634 18.19623202 18.19623203 18.67304542 18.85025787 19.50749969 20.14451106 20.24921872 20.70524185 21.83713105 191.9761568 193.2359306 193.5329256 196.1668241
